STRAIGHT_MATRICES = list([[[0.9946029782295227, 0.04951057210564613, 0.0911789983510971, 0.07907868921756744], [-0.05843440070748329, 0.9934736490249634, 0.09795654565095901, 1.658288598060608], [-0.0857340469956398, -0.10275585949420929, 0.991005003452301, -0.009110367856919765]] , #  1
[[0.9952130913734436, 0.05115708336234093, 0.08326951414346695, 0.07836108654737473], [-0.05970359221100807, 0.992824137210846, 0.10361309349536896, 1.6584556102752686], [-0.07737144082784653, -0.10808859765529633, 0.9911258816719055, -0.009004345163702965]] , #  2
[[0.9959792494773865, 0.04734475538134575, 0.0760510042309761, 0.07739728689193726], [-0.05479375272989273, 0.9935725331306458, 0.09905186295509338, 1.6604164838790894], [-0.07087260484695435, -0.10282072424888611, 0.9921718239784241, -0.008116128854453564]] , #  3
[[0.9957930445671082, 0.04912345111370087, 0.07735041528940201, 0.0771152600646019], [-0.05634329840540886, 0.9939664602279663, 0.09410682320594788, 1.6624705791473389], [-0.07226087152957916, -0.09806910157203674, 0.9925526976585388, -0.007580143865197897]] , #  4
[[0.9960465431213379, 0.049920566380023956, 0.0734795555472374, 0.07799069583415985], [-0.057045698165893555, 0.9935204386711121, 0.09830036014318466, 1.6604702472686768], [-0.06809623539447784, -0.10210342705249786, 0.9924403429031372, -0.007248719688504934]] , #  5
[[0.9957143664360046, 0.051940929144620895, 0.0765179991722107, 0.07728765904903412], [-0.059401996433734894, 0.9933427572250366, 0.09869937598705292, 1.6600595712661743], [-0.07088205963373184, -0.1028217077255249, 0.992171049118042, -0.007771242875605822]] , #  6
[[0.9960586428642273, 0.05324380099773407, 0.07093895971775055, 0.07721222192049026], [-0.060235388576984406, 0.9931250214576721, 0.10037117451429367, 1.6609725952148438], [-0.06510711461305618, -0.10424860566854477, 0.9924178719520569, -0.00841757282614708]] , #  7
[[0.9968082308769226, 0.048289939761161804, 0.06357253342866898, 0.07690402865409851], [-0.05400750786066055, 0.9943369030952454, 0.09152783453464508, 1.6620705127716064], [-0.058792635798454285, -0.09466909617185593, 0.9937711954116821, -0.009024068713188171]] , #  8
[[0.9970628619194031, 0.041438356041908264, 0.06440877169370651, 0.07604961842298508], [-0.04711538925766945, 0.9948917031288147, 0.08927863836288452, 1.6627765893936157], [-0.06038019061088562, -0.09205105900764465, 0.9939219355583191, -0.010358926840126514]] , #  9
[[0.997156023979187, 0.04417244344949722, 0.06106249988079071, 0.07572560757398605], [-0.04931800812482834, 0.9951165914535522, 0.08550289273262024, 1.6634628772735596], [-0.05698743462562561, -0.08827120810747147, 0.9944649934768677, -0.011412997730076313]] , #  10
[[0.9972221851348877, 0.04175221920013428, 0.06168174743652344, 0.07466039061546326], [-0.04691009595990181, 0.995302677154541, 0.08468787372112274, 1.6641745567321777], [-0.05785610154271126, -0.08734612166881561, 0.9944965243339539, -0.013284227810800076]] , #  11
[[0.9963914752006531, 0.044087592512369156, 0.07252779603004456, 0.07401137053966522], [-0.05031830444931984, 0.9949843883514404, 0.08645325899124146, 1.6640729904174805], [-0.06835251301527023, -0.08979076892137527, 0.9936123490333557, -0.013904809951782227]] , #  12
[[0.9964556097984314, 0.0436592735350132, 0.0719035342335701, 0.07431314140558243], [-0.04975055530667305, 0.9951187968254089, 0.08522608131170273, 1.664286732673645], [-0.06783164292573929, -0.08850124478340149, 0.9937637448310852, -0.014725981280207634]] , #  13
[[0.9968082308769226, 0.044216930866241455, 0.06646955013275146, 0.07519013434648514], [-0.050062261521816254, 0.9947714805603027, 0.0890142172574997, 1.6639734506607056], [-0.06218607351183891, -0.0920577198266983, 0.9938099980354309, -0.015462694689631462]] , #  14
[[0.9969281554222107, 0.04136219993233681, 0.06650885194540024, 0.0756790041923523], [-0.04705849289894104, 0.9951401352882385, 0.0864960327744484, 1.6641172170639038], [-0.06260795891284943, -0.08936013281345367, 0.994029700756073, -0.01552487164735794]] , #  15
[[0.9962632060050964, 0.032731954008340836, 0.07992655038833618, 0.07369378954172134], [-0.03974335640668869, 0.9953476190567017, 0.08777023106813431, 1.6649818420410156], [-0.07668180763721466, -0.0906188040971756, 0.9929290413856506, -0.015977410599589348]] , #  16
[[0.9969940185546875, 0.03275272995233536, 0.07021549344062805, 0.07423713058233261], [-0.038795895874500275, 0.995495617389679, 0.08650621771812439, 1.6646353006362915], [-0.06706590205430984, -0.08897025883197784, 0.9937738180160522, -0.01719488948583603]] , #  17
[[0.9972291588783264, 0.03379782661795616, 0.06627003103494644, 0.07496929168701172], [-0.03953950107097626, 0.9953938722610474, 0.08733653277158737, 1.66483736038208], [-0.06301299482584, -0.08971481770277023, 0.99397212266922, -0.018107624724507332]] , #  18
[[0.9972324967384338, 0.03465315327048302, 0.06577620655298233, 0.07592208683490753], [-0.04039947688579559, 0.9952881336212158, 0.08814437687397003, 1.6645793914794922], [-0.06241179630160332, -0.090557761490345, 0.9939336180686951, -0.01879740320146084]] , #  19
[[0.9971590638160706, 0.035078294575214386, 0.06665777415037155, 0.07647106051445007], [-0.04099229350686073, 0.995140016078949, 0.0895322635769844, 1.6643600463867188], [-0.063193179666996, -0.09201036393642426, 0.993750810623169, -0.018978899344801903]] , #  20
[[0.9970256686210632, 0.03780290111899376, 0.06716253608465195, 0.0771319642663002], [-0.04367968440055847, 0.9951353669166565, 0.08830460906028748, 1.6643388271331787], [-0.0634976401925087, -0.09097559750080109, 0.993826687335968, -0.018565822392702103]] , #  21
[[0.9971650242805481, 0.039837032556533813, 0.06383494287729263, 0.07768040895462036], [-0.045468512922525406, 0.9949624538421631, 0.08934382349252701, 1.6639130115509033], [-0.05995417758822441, -0.09199301898479462, 0.9939531087875366, -0.018666215240955353]] , #  22
[[0.9972121119499207, 0.040861018002033234, 0.06243666261434555, 0.0776267871260643], [-0.04637078195810318, 0.9949060082435608, 0.08950887620449066, 1.663780927658081], [-0.05846118554472923, -0.09215457737445831, 0.9940270781517029, -0.018012670800089836]] , #  23
[[0.997247576713562, 0.0410190187394619, 0.061763402074575424, 0.07769861817359924], [-0.04639551416039467, 0.9950133562088013, 0.08829409629106522, 1.6638790369033813], [-0.05783367529511452, -0.09091661870479584, 0.9941777586936951, -0.017535099759697914]] , #  24
[[0.9972939491271973, 0.041140805929899216, 0.060927726328372955, 0.07796541601419449], [-0.04663808271288872, 0.9946902394294739, 0.09174022078514099, 1.6635619401931763], [-0.05682994797825813, -0.09433351457118988, 0.9939172863960266, -0.01718164049088955]] , #  25
[[0.9974216222763062, 0.042203836143016815, 0.05804283171892166, 0.07855533808469772], [-0.04737180098891258, 0.9947460889816284, 0.09075292944908142, 1.6637952327728271], [-0.05390775948762894, -0.09326852858066559, 0.9941805601119995, -0.01643717847764492]] , #  26
[[0.9973980188369751, 0.04199132323265076, 0.05859997868537903, 0.07872594892978668], [-0.047298308461904526, 0.9946045875549316, 0.0923289954662323, 1.6637015342712402], [-0.05440678820014, -0.09486043453216553, 0.9940026998519897, -0.01673884131014347]] , #  27
[[0.9974768161773682, 0.04312244802713394, 0.05639570951461792, 0.07908263802528381], [-0.048242345452308655, 0.9945133328437805, 0.09282220900058746, 1.6635825634002686], [-0.05208355933427811, -0.09530866146087646, 0.9940842986106873, -0.016893882304430008]] , #  28
[[0.9974275827407837, 0.04404796287417412, 0.056551095098257065, 0.07985441386699677], [-0.049121174961328506, 0.9945741891860962, 0.09170196950435638, 1.6634987592697144], [-0.05220497399568558, -0.09424392879009247, 0.9941794276237488, -0.016528712585568428]] , #  29
[[0.9975099563598633, 0.04444625973701477, 0.054757725447416306, 0.08047962188720703], [-0.04945320636034012, 0.9943655729293823, 0.09376272559165955, 1.6632583141326904], [-0.050281792879104614, -0.0962371975183487, 0.9940875768661499, -0.016159141436219215]] , #  30
[[0.9976330399513245, 0.04563727229833603, 0.051435548812150955, 0.08092041313648224], [-0.05030002072453499, 0.9943629503250122, 0.09333910793066025, 1.6631848812103271], [-0.046885862946510315, -0.09570538997650146, 0.994304895401001, -0.015556138008832932]] , #  31
[[0.9977933168411255, 0.04509425163269043, 0.0487334206700325, 0.0808282271027565], [-0.04941941052675247, 0.9945749640464783, 0.09153357893228531, 1.66339910030365], [-0.044341400265693665, -0.09373997151851654, 0.9946088194847107, -0.01569172739982605]] , #  32
[[0.9978682398796082, 0.044417597353458405, 0.04781287908554077, 0.08061867207288742], [-0.04874930530786514, 0.9944145083427429, 0.0936124324798584, 1.6632087230682373], [-0.04338778555393219, -0.09574371576309204, 0.9944599866867065, -0.015697114169597626]] , #  33
[[0.9978100061416626, 0.0452161580324173, 0.048277195543050766, 0.08062818646430969], [-0.049504708498716354, 0.9945568442344666, 0.09168411791324615, 1.66316556930542], [-0.043868813663721085, -0.0938732773065567, 0.9946171641349792, -0.0157932098954916]] , #  34
[[0.9978929162025452, 0.04620926082134247, 0.04554535076022148, 0.08113352954387665], [-0.05032442510128021, 0.994319498538971, 0.09378829598426819, 1.6629784107208252], [-0.040952738374471664, -0.09588272124528885, 0.9945498108863831, -0.01598871499300003]] , #  35
[[0.9979124665260315, 0.04702142998576164, 0.04426835477352142, 0.0819418877363205], [-0.050927553325891495, 0.994484007358551, 0.09169486165046692, 1.6632357835769653], [-0.03971254825592041, -0.09375791996717453, 0.9948026537895203, -0.015714170411229134]] , #  36
[[0.9980034828186035, 0.04796871915459633, 0.041085727512836456, 0.08281734585762024], [-0.051469720900058746, 0.9947111010551453, 0.08888589590787888, 1.6634052991867065], [-0.036604687571525574, -0.09082310646772385, 0.9951940774917603, -0.015748439356684685]] , #  37
[[0.9981262683868408, 0.048155684024095535, 0.03774896636605263, 0.08341274410486221], [-0.0515226274728775, 0.9942396283149719, 0.0939839705824852, 1.663036823272705], [-0.03300565481185913, -0.09575279802083969, 0.9948577880859375, -0.015976738184690475]] , #  38
[[0.9979732632637024, 0.04825729504227638, 0.041479919105768204, 0.08335733413696289], [-0.0518764853477478, 0.9944868087768555, 0.09113092720508575, 1.6629276275634766], [-0.036853499710559845, -0.09309806674718857, 0.994974672794342, -0.015736987814307213]] , #  39
[[0.9981299638748169, 0.048323530703783035, 0.037435274571180344, 0.08364009112119675], [-0.05157849192619324, 0.99446702003479, 0.09151472896337509, 1.66309654712677], [-0.032805830240249634, -0.09327445179224014, 0.9950998425483704, -0.0157081987708807]] , #  40
[[0.9981206655502319, 0.04937737435102463, 0.036290764808654785, 0.08376719057559967], [-0.05253138393163681, 0.9943886995315552, 0.09182389080524445, 1.6629295349121094], [-0.03155310079455376, -0.09355773031711578, 0.995113730430603, -0.015605788677930832]] , #  41
[[0.9981247782707214, 0.048501621931791306, 0.03734288364648819, 0.08346755802631378], [-0.05167638510465622, 0.9946578741073608, 0.08936001360416412, 1.6634831428527832], [-0.032809287309646606, -0.09112219512462616, 0.9952991008758545, -0.015673236921429634]] , #  42
[[0.9980325102806091, 0.04938897863030434, 0.03862448409199715, 0.08311376720666885], [-0.05274615064263344, 0.9944193363189697, 0.09136736392974854, 1.6633861064910889], [-0.033896394073963165, -0.09322489798069, 0.9950678944587708, -0.01591336913406849]] , #  43
[[0.9978379607200623, 0.046616461127996445, 0.046328458935022354, 0.08229240775108337], [-0.05049756169319153, 0.9949734210968018, 0.08647479861974716, 1.6638271808624268], [-0.04206443578004837, -0.08862730860710144, 0.9951762557029724, -0.015143904834985733]] , #  44
[[0.996539831161499, 0.04624468833208084, 0.06906328350305557, 0.08020254224538803], [-0.05217423662543297, 0.9948691725730896, 0.08667834103107452, 1.6639193296432495], [-0.06470052152872086, -0.08998174965381622, 0.9938395619392395, -0.015358155593276024]] , #  45
[[0.9558508992195129, 0.03747770935297012, 0.29145246744155884, 0.06133490428328514], [-0.061196114867925644, 0.9954752326011658, 0.07269188016653061, 1.664989709854126], [-0.28740936517715454, -0.08731835335493088, 0.9538193345069885, -0.012593050487339497]] , #  46
[[0.6754661798477173, 0.040497034788131714, 0.7362781167030334, 0.021142859011888504], [-0.07562505453824997, 0.9970303177833557, 0.014539876952767372, 1.6676688194274902], [-0.7335027456283569, -0.06550226360559464, 0.6765228509902954, 0.008831162936985493]] , #  47
[[0.21352244913578033, 0.06374293565750122, 0.9748563766479492, -0.008128948509693146], [-0.07264113426208496, 0.9961426854133606, -0.04922422021627426, 1.670619010925293], [-0.9742337465286255, -0.060304202139377594, 0.21732918918132782, 0.04729682207107544]] , #  48
[[0.007870644330978394, 0.014871870167553425, 0.9998583197593689, -0.02341095171868801], [-0.0649234727025032, 0.997787356376648, -0.014330009929835796, 1.6663233041763306], [-0.9978591203689575, -0.06480149179697037, 0.008818762376904488, 0.07040929794311523]] , #  49
[[0.08194167166948318, 0.00449469406157732, 0.9966269731521606, -0.030350498855113983], [-0.06215007230639458, 0.9980666041374207, 0.0006087290239520371, 1.666772484779358], [-0.9946973919868469, -0.061990320682525635, 0.08206259459257126, 0.06643783301115036]] , #  50
[[0.07003643363714218, -0.0010982508538290858, 0.9975436925888062, -0.03159303590655327], [-0.07456308603286743, 0.9971961975097656, 0.006332848686724901, 1.666513442993164], [-0.9947537183761597, -0.07482347637414932, 0.06975817680358887, 0.06530702859163284]] , #  51
[[0.08908047527074814, 0.00752510828897357, 0.9959959387779236, -0.03128370642662048], [-0.07145608216524124, 0.9974430799484253, -0.0011451138416305184, 1.6678547859191895], [-0.9934579133987427, -0.07106796652078629, 0.08939041942358017, 0.06262973695993423]] , #  52
[[0.0924924835562706, 0.004435132723301649, 0.9957035779953003, -0.03125675022602081], [-0.07411105185747147, 0.9972469806671143, 0.0024422891438007355, 1.6677932739257812], [-0.9929515719413757, -0.07401852309703827, 0.09256654232740402, 0.061457037925720215]]]) #  53
LEFT_MATRICES = list([[[0.0896054282784462, 0.0049542696215212345, 0.9959651231765747, -0.031152043491601944], [-0.07207930088043213, 0.9973977208137512, 0.0015234738821163774, 1.667823314666748], [-0.9933658242225647, -0.07192497700452805, 0.08972935378551483, 0.06065398082137108]] , #  54
[[0.09835593402385712, 0.009806841611862183, 0.9951028823852539, -0.03076826222240925], [-0.07701141387224197, 0.9970277547836304, -0.0022140145301818848, 1.6670325994491577], [-0.9921668767929077, -0.07641652971506119, 0.098818838596344, 0.05857452005147934]] , #  55
[[0.10315746814012527, 0.009035368449985981, 0.9946240186691284, -0.03096957504749298], [-0.07520709931850433, 0.99716717004776, -0.0012583591742441058, 1.6669292449951172], [-0.9918177723884583, -0.07467298209667206, 0.10354475677013397, 0.05774500221014023]] , #  56
[[0.10091257095336914, 0.008341465145349503, 0.9948602318763733, -0.031236058101058006], [-0.07201206684112549, 0.9974032044410706, -0.001058325287885964, 1.6668689250946045], [-0.9922856092453003, -0.0715351477265358, 0.10125121474266052, 0.058558203279972076]] , #  57
[[0.10201779007911682, 0.007277762517333031, 0.9947558045387268, -0.031461749225854874], [-0.07155412435531616, 0.9974367022514343, 4.088973219040781e-05, 1.6669425964355469], [-0.9922056794166565, -0.07118306308984756, 0.10227704048156738, 0.058820467442274094]] , #  58
[[0.1018548458814621, 0.007926561869680882, 0.9947677254676819, -0.031413931399583817], [-0.07223769277334213, 0.9973872900009155, -0.0005509732873179018, 1.6666419506072998], [-0.9921730756759644, -0.07180359959602356, 0.10216132551431656, 0.05916391685605049]] , #  59
[[0.10337154567241669, 0.009037191979587078, 0.9946017265319824, -0.031239885836839676], [-0.0697638988494873, 0.9975618720054626, -0.0018133451230823994, 1.6665982007980347], [-0.9921931624412537, -0.06919985264539719, 0.10374998301267624, 0.06018859148025513]] , #  60
[[0.1050831526517868, 0.009772882796823978, 0.9944154620170593, -0.03080417774617672], [-0.07142941653728485, 0.9974430799484253, -0.0022544558160007, 1.6665887832641602], [-0.9918948411941528, -0.07079360634088516, 0.10551253706216812, 0.059819597750902176]] , #  61
[[0.10559994727373123, 0.009582976810634136, 0.9943627119064331, -0.03075466863811016], [-0.07395172864198685, 0.9972602725028992, -0.0017573165241628885, 1.6664742231369019], [-0.9916552901268005, -0.0733492523431778, 0.10601931065320969, 0.05936945974826813]] , #  62
[[0.1061355248093605, 0.009925701655447483, 0.9943022131919861, -0.030800985172390938], [-0.07320572435855865, 0.9973145723342896, -0.002141515491530299, 1.6663975715637207], [-0.991653323173523, -0.07256131619215012, 0.10657712072134018, 0.05901620537042618]] , #  63
[[0.10558733344078064, 0.011792320758104324, 0.9943401217460632, -0.030716370791196823], [-0.07648106664419174, 0.9970641732215881, -0.0037032277323305607, 1.6666932106018066], [-0.9914645552635193, -0.0756571814417839, 0.10617922991514206, 0.058668285608291626]] , #  64
[[0.1082109585404396, 0.013365885242819786, 0.9940381646156311, -0.030581001192331314], [-0.07473437488079071, 0.9971895217895508, -0.005272671114653349, 1.66671621799469], [-0.9913149476051331, -0.07371825724840164, 0.10890573263168335, 0.05806799605488777]] , #  65
[[0.10896353423595428, 0.01520958449691534, 0.9939292669296265, -0.03034554049372673], [-0.07601778954267502, 0.9970824122428894, -0.006924082990735769, 1.6669589281082153], [-0.9911347031593323, -0.07480184733867645, 0.10980182141065598, 0.05763798952102661]] , #  66
[[0.1054539605975151, 0.013437685556709766, 0.9943334460258484, -0.03033985197544098], [-0.07493571937084198, 0.997173011302948, -0.005528755486011505, 1.6666936874389648], [-0.9915968179702759, -0.07392805814743042, 0.10616280883550644, 0.05792662501335144]] , #  67
[[0.10522323846817017, 0.013218007050454617, 0.9943607449531555, -0.030393190681934357], [-0.07523029297590256, 0.9971521496772766, -0.005294245667755604, 1.6665334701538086], [-0.991598904132843, -0.07424897700548172, 0.10591796785593033, 0.057515282183885574]] , #  68
[[0.10382916778326035, 0.012496544979512691, 0.9945166110992432, -0.030516915023326874], [-0.07879003882408142, 0.9968819618225098, -0.004300460685044527, 1.6664820909500122], [-0.9914693832397461, -0.07791148871183395, 0.10449002683162689, 0.057309720665216446]] , #  69
[[0.10394036769866943, 0.011640723794698715, 0.9945154190063477, -0.03067164495587349], [-0.07667478919029236, 0.9970494508743286, -0.003656826913356781, 1.6662698984146118], [-0.9916236400604248, -0.07587417215108871, 0.10452623665332794, 0.05710787698626518]] , #  70
[[0.10846641659736633, 0.009975792840123177, 0.9940499663352966, -0.031148521229624748], [-0.08486723154783249, 0.996392011642456, -0.0007389583042822778, 1.6658345460891724], [-0.990470826625824, -0.08428213000297546, 0.10892169177532196, 0.05518089234828949]] , #  71
[[0.11266705393791199, 0.009630586951971054, 0.9935861229896545, -0.031249001622200012], [-0.08573306351900101, 0.9963181614875793, 6.457968993345276e-05, 1.6654504537582397], [-0.9899272918701172, -0.08519046008586884, 0.11307789385318756, 0.054104454815387726]] , #  72
[[0.12001505494117737, 0.009166761301457882, 0.9927297830581665, -0.031092114746570587], [-0.08279015868902206, 0.996566653251648, 0.000806643336545676, 1.6653419733047485], [-0.9893140196800232, -0.08228506147861481, 0.12036192417144775, 0.052804991602897644]] , #  73
[[0.1571306735277176, 0.013704418204724789, 0.9874827861785889, -0.02926865965127945], [-0.09074235707521439, 0.9958742260932922, 0.0006182764773257077, 1.6653027534484863], [-0.9834001660346985, -0.08970365673303604, 0.1577259600162506, 0.048546671867370605]] , #  74
[[0.2742858827114105, 0.022977452725172043, 0.9613736867904663, -0.02425885573029518], [-0.08648808300495148, 0.9962525367736816, 0.0008645112393423915, 1.6670947074890137], [-0.9577510356903076, -0.08338448405265808, 0.2752452790737152, 0.03896558657288551]] , #  75
[[0.6434550285339355, 0.019334523007273674, 0.7652397155761719, -0.002753566950559616], [-0.07575974613428116, 0.9963814616203308, 0.03852836415171623, 1.6685881614685059], [-0.7617257833480835, -0.08276563882827759, 0.6425914764404297, 0.008729313500225544]] , #  76
[[0.9720491170883179, -0.00973796471953392, 0.23457546532154083, 0.04612516611814499], [-0.01471747551113367, 0.9946469664573669, 0.10227815806865692, 1.6626673936843872], [-0.23431575298309326, -0.10287175327539444, 0.966702401638031, -0.021101878955960274]] , #  77
[[0.978011965751648, 0.004301977809518576, -0.208504319190979, 0.0885869711637497], [0.024173041805624962, 0.9907098412513733, 0.13382713496685028, 1.657347559928894], [0.20714299380779266, -0.13592471182346344, 0.9688220620155334, -0.02629769779741764]] , #  78
[[0.9120795130729675, 0.031509846448898315, -0.40880075097084045, 0.11547932028770447], [0.023076212033629417, 0.9915172457695007, 0.12791046500205994, 1.6565102338790894], [0.40936341881752014, -0.12609809637069702, 0.903615415096283, -0.0238761305809021]] , #  79
[[0.9414892792701721, 0.03760777786374092, -0.3349381983280182, 0.11403603851795197], [0.007711362559348345, 0.9910916090011597, 0.13295862078666687, 1.6550612449645996], [0.3369547128677368, -0.12776194512844086, 0.9328120946884155, -0.02615959756076336]] , #  80
[[0.9642667770385742, 0.03190898522734642, -0.2630046308040619, 0.10604032129049301], [0.0017436975613236427, 0.9919345378875732, 0.1267392635345459, 1.6555815935134888], [0.2649275064468384, -0.12266905605792999, 0.9564338326454163, -0.028529062867164612]] , #  81
[[0.9769330620765686, 0.02689196728169918, -0.2118457704782486, 0.09905201941728592], [0.0015089170774444938, 0.9911449551582336, 0.13277558982372284, 1.6551363468170166], [0.2135404795408249, -0.1300325095653534, 0.9682416915893555, -0.02931784838438034]] , #  82
[[0.984485924243927, 0.02141506038606167, -0.1741519719362259, 0.09406685829162598], [0.0010176192736253142, 0.9918106198310852, 0.12771326303482056, 1.6558319330215454], [0.17546077072620392, -0.12590913474559784, 0.9764017462730408, -0.030105289071798325]]]) #  83
RIGHT_MATRICES = list([[[0.1452847570180893, 0.11285167932510376, -0.9829328060150146, 0.20558060705661774], [-0.002891309093683958, 0.9935178160667419, 0.11363960057497025, 1.6504446268081665], [0.9893856644630432, -0.013668143190443516, 0.1446692794561386, 0.04672841355204582]] , #  141
[[0.15755487978458405, 0.11524490267038345, -0.9807624220848083, 0.20517730712890625], [-0.009060321375727654, 0.993293821811676, 0.11526189744472504, 1.6508045196533203], [0.9874686002731323, -0.009274045005440712, 0.15754243731498718, 0.04661446064710617]] , #  142
[[0.1658511757850647, 0.11219224333763123, -0.9797480702400208, 0.2045488804578781], [-0.011007321067154408, 0.9936560988426208, 0.11192155629396439, 1.6518281698226929], [0.9860894083976746, -0.007777921389788389, 0.16603395342826843, 0.047206729650497437]] , #  143
[[0.16899733245372772, 0.11602116376161575, -0.9787639379501343, 0.2044069468975067], [-0.01586689054965973, 0.9932390451431274, 0.11499737203121185, 1.6519420146942139], [0.9854887127876282, -0.003904298646375537, 0.169695645570755, 0.047931913286447525]] , #  144
[[0.1726280152797699, 0.116459921002388, -0.9780780076980591, 0.2046395242214203], [-0.014709101989865303, 0.9931797385215759, 0.11566196382045746, 1.6517276763916016], [0.9848772287368774, -0.0055798436515033245, 0.17316365242004395, 0.04769006744027138]] , #  145
[[0.17538046836853027, 0.11562982201576233, -0.9776867032051086, 0.20477038621902466], [-0.018457874655723572, 0.9932904243469238, 0.11416421085596085, 1.6520812511444092], [0.9843276143074036, -0.0019761405419558287, 0.17633801698684692, 0.04748601093888283]] , #  146
[[0.17613057792186737, 0.11288788914680481, -0.9778724312782288, 0.20473243296146393], [-0.01638275384902954, 0.9936009645462036, 0.11175283789634705, 1.6523702144622803], [0.9842305183410645, -0.003662858624011278, 0.17685292661190033, 0.04694728925824165]] , #  147
[[0.17466211318969727, 0.11122868210077286, -0.9783257246017456, 0.20475125312805176], [-0.013652077876031399, 0.9937770366668701, 0.11054804921150208, 1.6525981426239014], [0.9845337271690369, -0.005952370353043079, 0.17509369552135468, 0.046832796186208725]] , #  148
[[0.17251038551330566, 0.11077479273080826, -0.9787588715553284, 0.20509712398052216], [-0.014483422972261906, 0.9938340187072754, 0.109928198158741, 1.6525206565856934], [0.9849011301994324, -0.004787966143339872, 0.17305107414722443, 0.046994201838970184]] , #  149
[[0.1720653772354126, 0.11114098876714706, -0.9787958264350891, 0.20523972809314728], [-0.013020535930991173, 0.9937848448753357, 0.1105540543794632, 1.6525362730026245], [0.9849995374679565, -0.0062780859880149364, 0.17244307696819305, 0.04703031852841377]] , #  150
[[0.17530126869678497, 0.10888241231441498, -0.9784754514694214, 0.20465689897537231], [-0.014814162626862526, 0.9940447807312012, 0.10796086490154266, 1.652891755104065], [0.9844034314155579, -0.004430386703461409, 0.17587031424045563, 0.04699501395225525]] , #  151
[[0.18427404761314392, 0.10828212648630142, -0.9768921136856079, 0.20290637016296387], [-0.018146585673093796, 0.9941182732582092, 0.10676849633455276, 1.6548316478729248], [0.9827074408531189, -0.0019474151777103543, 0.18515515327453613, 0.04695650935173035]] , #  152
[[0.192193865776062, 0.1000240221619606, -0.976246178150177, 0.20099374651908875], [-0.028714481741189957, 0.994939386844635, 0.09628625959157944, 1.657680869102478], [0.9809367656707764, 0.009526781737804413, 0.19409339129924774, 0.04852202162146568]] , #  153
[[0.19150899350643158, 0.10150757431983948, -0.9762277603149414, 0.20092955231666565], [-0.03297433257102966, 0.9947414994239807, 0.09696397185325623, 1.6571779251098633], [0.9809368848800659, 0.013620974496006966, 0.1938490867614746, 0.049886588007211685]] , #  154
[[0.19515009224414825, 0.10576195269823074, -0.9750542044639587, 0.20153041183948517], [-0.027662744745612144, 0.9943668246269226, 0.10232023894786835, 1.6561068296432495], [0.9803831577301025, 0.007004881743341684, 0.196976438164711, 0.04920026659965515]] , #  155
[[0.21394357085227966, 0.09471705555915833, -0.972243070602417, 0.1998739093542099], [-0.03902221471071243, 0.9953222870826721, 0.08837855607271194, 1.6578739881515503], [0.9760661721229553, 0.019031066447496414, 0.21663887798786163, 0.04870026186108589]] , #  156
[[0.22290508449077606, 0.091127410531044, -0.9705715179443359, 0.19852007925510406], [-0.04399261996150017, 0.9955472350120544, 0.08336888253688812, 1.6590031385421753], [0.973846971988678, 0.024114640429615974, 0.22592146694660187, 0.04802641272544861]] , #  157
[[0.22048892080783844, 0.09544067829847336, -0.9707089066505432, 0.1985502541065216], [-0.03911890462040901, 0.9952658414840698, 0.08896958082914352, 1.6581835746765137], [0.9746047854423523, 0.018356256186962128, 0.22317862510681152, 0.047311410307884216]] , #  158
[[0.21764962375164032, 0.09704097360372543, -0.971190869808197, 0.19873164594173431], [-0.037421345710754395, 0.9951431751251221, 0.09104792773723602, 1.6573694944381714], [0.9753093123435974, 0.01652672328054905, 0.22022393345832825, 0.047400012612342834]] , #  159
[[0.2191806584596634, 0.09506437182426453, -0.9710420370101929, 0.19882164895534515], [-0.03587227314710617, 0.9953542947769165, 0.08934754878282547, 1.6575493812561035], [0.9750246405601501, 0.01525022741407156, 0.22157257795333862, 0.0468529611825943]] , #  160
[[0.21930384635925293, 0.09596441686153412, -0.9709256291389465, 0.19940795004367828], [-0.034169383347034454, 0.9952960014343262, 0.09065525978803635, 1.65704345703125], [0.9750580191612244, 0.013294889591634274, 0.22155128419399261, 0.04619212821125984]] , #  161
[[0.21980474889278412, 0.09772323071956635, -0.9706368446350098, 0.20000426471233368], [-0.03429607301950455, 0.9951290488243103, 0.09242259711027145, 1.6566334962844849], [0.9749407768249512, 0.012974115088582039, 0.2220856249332428, 0.04548720642924309]] , #  162
[[0.22249822318553925, 0.09914477169513702, -0.9698788523674011, 0.200062558054924], [-0.03380238264799118, 0.9950020909309387, 0.09395842999219894, 1.656342625617981], [0.9743469953536987, 0.011878622695803642, 0.22473753988742828, 0.044877659529447556]] , #  163
[[0.22643716633319855, 0.09617182612419128, -0.969266414642334, 0.19959129393100739], [-0.03526701778173447, 0.9952706098556519, 0.09051302820444107, 1.6565567255020142], [0.9733872413635254, 0.013687608763575554, 0.22875794768333435, 0.044873327016830444]] , #  164
[[0.22668227553367615, 0.09704166650772095, -0.9691222906112671, 0.19907046854496002], [-0.03269850090146065, 0.9952213764190674, 0.09200672805309296, 1.6564154624938965], [0.973419725894928, 0.010832552798092365, 0.22877216339111328, 0.0447881706058979]] , #  165
[[0.22855858504772186, 0.10093668103218079, -0.9682834148406982, 0.1988496333360672], [-0.036623213440179825, 0.9947980046272278, 0.09505590796470642, 1.6560689210891724], [0.9728410840034485, 0.013735802844166756, 0.2310662567615509, 0.044947270303964615]] , #  166
[[0.2504090964794159, 0.10541628301143646, -0.9623838067054749, 0.19778664410114288], [-0.04064217209815979, 0.994322657585144, 0.09833978861570358, 1.6565806865692139], [0.9672866463661194, 0.01448819786310196, 0.25327175855636597, 0.042240824550390244]] , #  167
[[0.5631129145622253, 0.12010353803634644, -0.8176056146621704, 0.18299999833106995], [-0.03963766619563103, 0.9921689629554749, 0.11844649165868759, 1.658247470855713], [0.8254287838935852, -0.034290771931409836, 0.5634638071060181, 0.013091646134853363]] , #  168
[[0.9352660179138184, 0.1718248724937439, -0.3094409704208374, 0.1374310553073883], [-0.13657398521900177, 0.9817484021186829, 0.13235409557819366, 1.6569185256958008], [0.3265348970890045, -0.08152469992637634, 0.9416627287864685, -0.02391158603131771]] , #  169
[[0.9574737548828125, 0.10671749711036682, 0.2680586576461792, 0.07852588593959808], [-0.12516455352306366, 0.9907381534576416, 0.05264773964881897, 1.662408471107483], [-0.259957492351532, -0.08396027237176895, 0.9619629979133606, -0.036526523530483246]] , #  170
[[0.9146453142166138, 0.06084831804037094, 0.3996516168117523, 0.05404970422387123], [-0.10349380224943161, 0.9909062385559082, 0.08598776161670685, 1.6577116250991821], [-0.3907850682735443, -0.12000976502895355, 0.9126251339912415, -0.04040383920073509]] , #  171
[[0.9412397742271423, 0.019634082913398743, 0.33716779947280884, 0.04932130500674248], [-0.06616394221782684, 0.9896842837333679, 0.12707200646400452, 1.6535836458206177], [-0.33119475841522217, -0.14191357791423798, 0.9328293204307556, -0.04763267561793327]] , #  172
[[0.9544261693954468, 0.017685240134596825, 0.29792270064353943, 0.0510576106607914], [-0.05979803577065468, 0.9893319010734558, 0.1328406184911728, 1.6532806158065796], [-0.29239511489868164, -0.1446017473936081, 0.9453017711639404, -0.051108166575431824]] , #  173
[[0.9551487565040588, 0.012862692587077618, 0.2958470284938812, 0.050063684582710266], [-0.0519191212952137, 0.9908550381660461, 0.12454213947057724, 1.6547021865844727], [-0.2915395498275757, -0.13431638479232788, 0.9470817446708679, -0.050781942903995514]] , #  174
[[0.9622859954833984, 0.0006718281656503677, 0.2720389664173126, 0.04986819624900818], [-0.03573235124349594, 0.9916452169418335, 0.12394741177558899, 1.6551729440689087], [-0.2696828544139862, -0.1289934515953064, 0.9542703032493591, -0.05024904012680054]] , #  175
[[0.9665312767028809, -0.015679117292165756, 0.2560693323612213, 0.050932690501213074], [-0.016425887122750282, 0.9923006892204285, 0.12275788933038712, 1.6554319858551025], [-0.25602251291275024, -0.12285550683736801, 0.9588320851325989, -0.049474820494651794]] , #  176
[[0.9734100103378296, -0.012924722395837307, 0.22870473563671112, 0.05325368046760559], [-0.01591164991259575, 0.9921804070472717, 0.12379375100135803, 1.6555076837539673], [-0.2285163551568985, -0.1241411492228508, 0.9655926823616028, -0.05014163255691528]] , #  177
[[0.975402295589447, -0.010710279457271099, 0.2201719433069229, 0.05393026024103165], [-0.015749992802739143, 0.9928798675537109, 0.11807408183813095, 1.6557170152664185], [-0.21986889839172363, -0.11863743513822556, 0.9682886004447937, -0.050352804362773895]]]) #  178
UP_MATRICES = list([[[0.983756959438324, 0.12174521386623383, 0.1319105327129364, 0.07601554691791534], [0.010942301712930202, 0.6928161382675171, -0.7210312485694885, 1.7589361667633057], [-0.1791718453168869, 0.7107629179954529, 0.6802304983139038, 0.1323775202035904]] , #  208
[[0.9842050075531006, 0.11766724288463593, 0.13226857781410217, 0.07593600451946259], [0.013820917345583439, 0.6937912702560425, -0.7200435400009155, 1.7581764459609985], [-0.17649231851100922, 0.7104985117912292, 0.6812065839767456, 0.13261254131793976]] , #  209
[[0.9840128421783447, 0.12039914727210999, 0.1312357634305954, 0.0763532817363739], [0.011146144941449165, 0.6937982439994812, -0.7200831174850464, 1.7579984664916992], [-0.17774854600429535, 0.7100337743759155, 0.6813644170761108, 0.13324689865112305]] , #  210
[[0.9841515421867371, 0.11958646774291992, 0.13093823194503784, 0.07639982551336288], [0.011118688620626926, 0.6953229904174805, -0.7186114192008972, 1.7573672533035278], [-0.17698055505752563, 0.7086783647537231, 0.6829735636711121, 0.13362830877304077]] , #  211
[[0.9840479493141174, 0.11978045850992203, 0.13153806328773499, 0.07676815986633301], [0.011635680682957172, 0.6944622993469238, -0.7194350361824036, 1.7567596435546875], [-0.1775224804878235, 0.709489107131958, 0.6819905042648315, 0.13458184897899628]] , #  212
[[0.9846603274345398, 0.11887222528457642, 0.12772420048713684, 0.07750257849693298], [0.008107764646410942, 0.7000553011894226, -0.714042603969574, 1.7566208839416504], [-0.17429383099079132, 0.704124927520752, 0.6883528828620911, 0.13364459574222565]] , #  213
[[0.984413743019104, 0.11977555602788925, 0.12877650558948517, 0.07763750106096268], [0.008042935281991959, 0.7008064985275269, -0.7133060693740845, 1.7560480833053589], [-0.17568404972553253, 0.7032240033149719, 0.6889201998710632, 0.13363133370876312]] , #  214
[[0.9846009612083435, 0.1193181574344635, 0.12776581943035126, 0.07810389995574951], [0.0076377540826797485, 0.7007967829704285, -0.7133200168609619, 1.7561440467834473], [-0.1746499091386795, 0.7033114433288574, 0.6890938878059387, 0.13371384143829346]] , #  215
[[0.9845976829528809, 0.1201266348361969, 0.12703125178813934, 0.07838249206542969], [0.006072045769542456, 0.7026437520980835, -0.7115159034729004, 1.755704402923584], [-0.17472971975803375, 0.7013282775878906, 0.6910920143127441, 0.13313934206962585]] , #  216
[[0.9850376844406128, 0.11877456307411194, 0.12487352639436722, 0.0785774365067482], [0.005197517573833466, 0.7037763595581055, -0.7104025483131409, 1.7559223175048828], [-0.17226079106330872, 0.7004222869873047, 0.6926289200782776, 0.13187843561172485]] , #  217
[[0.9849343299865723, 0.11946456879377365, 0.12503015995025635, 0.07875166088342667], [0.003569674910977483, 0.7088161110877991, -0.7053842544555664, 1.755634069442749], [-0.17289182543754578, 0.6952034831047058, 0.6977108716964722, 0.12989835441112518]] , #  218
[[0.98487389087677, 0.12041391432285309, 0.12459494918584824, 0.07916029542684555], [0.0021003191359341145, 0.710719645023346, -0.7034722566604614, 1.755047082901001], [-0.1732599288225174, 0.6930931806564331, 0.6997162699699402, 0.1289394199848175]] , #  219
[[0.9847985506057739, 0.1211942508816719, 0.12443377822637558, 0.07929128408432007], [0.000833177356980741, 0.7130662798881531, -0.7010961174964905, 1.7550257444381714], [-0.17369835078716278, 0.6905421614646912, 0.7021256685256958, 0.12804467976093292]] , #  220
[[0.984740138053894, 0.12168455868959427, 0.12441755086183548, 0.07941058278083801], [-0.0005327531252987683, 0.7170196771621704, -0.6970527172088623, 1.7545398473739624], [-0.1740303784608841, 0.6863495111465454, 0.7061428427696228, 0.12685567140579224]] , #  221
[[0.9838653206825256, 0.1267387419939041, 0.1262788027524948, 0.07951944321393967], [-0.00862159114331007, 0.7385863065719604, -0.674103856086731, 1.7542240619659424], [-0.17870286107063293, 0.6621386408805847, 0.7277621626853943, 0.12075454741716385]] , #  222
[[0.9851462244987488, 0.11979443579912186, 0.12302946299314499, 0.07944532483816147], [-0.019992752000689507, 0.791607677936554, -0.6107025146484375, 1.7517802715301514], [-0.17054983973503113, 0.5991715788841248, 0.7822443246841431, 0.10692442953586578]] , #  223
[[0.9883304834365845, 0.1046697124838829, 0.11066672205924988, 0.08020453155040741], [-0.03762303665280342, 0.8717477917671204, -0.4885081946849823, 1.7439007759094238], [-0.14760547876358032, 0.47864392399787903, 0.8655129075050354, 0.08606889098882675]] , #  224
[[0.9907419681549072, 0.08737874031066895, 0.10390061885118484, 0.07952101528644562], [-0.059950776398181915, 0.968263566493988, -0.24263469874858856, 1.724340558052063], [-0.12180429697036743, 0.234159454703331, 0.9645377397537231, 0.060465700924396515]] , #  225
[[0.9933916926383972, 0.06574730575084686, 0.09407578408718109, 0.07795912027359009], [-0.06625079363584518, 0.9978005290031433, 0.002235305728390813, 1.7019833326339722], [-0.0937218964099884, -0.00845312885940075, 0.9955625534057617, 0.038530513644218445]] , #  226
[[0.995079517364502, 0.05961906164884567, 0.07913481444120407, 0.07609686255455017], [-0.06526407599449158, 0.9953548908233643, 0.07077563554048538, 1.6912235021591187], [-0.0745476484298706, -0.0755920484662056, 0.9943482875823975, 0.02091398276388645]] , #  227
[[0.9950787425041199, 0.05701069161295891, 0.08104357868432999, 0.07504169642925262], [-0.0629972368478775, 0.995315432548523, 0.07333815097808838, 1.688946008682251], [-0.0764828696846962, -0.07808275520801544, 0.9940087795257568, 0.012938642874360085]] , #  228
[[0.9946310520172119, 0.050656504929065704, 0.09023828059434891, 0.07372673600912094], [-0.06479929387569427, 0.9847545027732849, 0.1614300161600113, 1.679384469985962], [-0.0806850716471672, -0.16641069948673248, 0.9827499389648438, 0.004923353902995586]] , #  229
[[0.9952223300933838, 0.037300169467926025, 0.09022851288318634, 0.07294905930757523], [-0.05649431049823761, 0.9737274050712585, 0.22059771418571472, 1.6710574626922607], [-0.07962963730096817, -0.22464117407798767, 0.9711825251579285, -0.005002891179174185]]]) #  230
DOWN_MATRICES = list([[[0.9988552927970886, 0.0071479263715445995, 0.047296829521656036, 0.06416809558868408], [-0.046368248760700226, 0.3875766396522522, 0.9206705093383789, 1.5172791481018066], [-0.011750257574021816, -0.9218096733093262, 0.3874644339084625, -0.019435841590166092]] , #  291
[[0.9989957809448242, 0.006459517870098352, 0.044336508959531784, 0.0641208216547966], [-0.04330922290682793, 0.39273950457572937, 0.9186293482780457, 1.5182455778121948], [-0.011478793807327747, -0.9196270108222961, 0.3926248550415039, -0.021358784288167953]] , #  292
[[0.9989138245582581, 0.003637310117483139, 0.046453069895505905, 0.06381747871637344], [-0.044134266674518585, 0.3935714662075043, 0.9182339906692505, 1.518107295036316], [-0.014942701905965805, -0.919286847114563, 0.3933044970035553, -0.023051682859659195]] , #  293
[[0.9989100098609924, 0.0036831796169281006, 0.046532075852155685, 0.06314834207296371], [-0.04413645714521408, 0.39896464347839355, 0.9159034490585327, 1.519120216369629], [-0.0151912160217762, -0.9169588685035706, 0.3986923396587372, -0.026154104620218277]] , #  294
[[0.9990233182907104, 0.0049478644505143166, 0.0439082607626915, 0.06303641945123672], [-0.04214819520711899, 0.4050160348415375, 0.9133376479148865, 1.5204277038574219], [-0.013264482840895653, -0.9142962694168091, 0.4048289954662323, -0.02828321047127247]] , #  295
